function crea_Sudoku_psr
%% Solucion
% 9	7	1	2	8	3	4	5	6
% 3	5	4	1	9	6	2	8	7
% 6	2	8	4	5	7	9	3	1
% 4	3	5	7	1	9	8	6	2
% 8	1	2	6	3	4	7	9	5
% 7	9	6	8	2	5	3	1	4
% 5	8	7	3	6	2	1	4	9
% 2	6	3	9	4	1	5	7	8
% 1	4	9	5	7	8	6	2	3

x=[0 0 1 2 0 3 0 0 6
   0 5 0 0 0 6 0 0 7
   0 0 0 4 0 7 0 0 1
   0 0 5 7 0 0 8 0 2
   8 1 2 6 0 4 7 0 5
   7 0 0 0 0 5 3 0 4
   0 0 0 3 0 0 1 0 9
   2 0 0 0 4 0 5 0 0
   0 4 0 0 7 0 6 2 3];
N=9;


x=[2 3 0 4; 
   4 0 3 0;
   3 0 0 0;
   0 2 4 0];
N=4;

%% backtrackSudoku(x, ... resto de parametros)

